790383.299300  864776.895300   7 
852835.384400  814815.227200   7 
862827.718100  874769.229000   7 
925279.803200  852286.478300   7 
1059359.020000  1344712.154000   3 
1091834.105000  1362198.738000   3 
1091834.105000  1337217.904000   3 
1124309.189000  1359700.654000   3 
1049366.687000  1307240.903000   3 
1124309.189000  1314735.153000   3 
1081841.771000  1302244.736000   3 
790383.299300  817313.310600   7 
1224707.733000  1146930.885000   2 
1259680.901000  1141934.719000   2 
830159.727600  845858.441900   7 
1166059.675000  1142001.699000   2 
1275975.345000  1100033.898000   2 
1188042.809000  1203954.168000   2 
1249995.278000  1189964.900000   2 
1303953.879000  1144000.166000   2 
1137618.510000  791537.049300   5 
1173590.911000  785541.649100   5 
1149609.310000  769553.915400   5 
1185581.711000  759561.581700   5 
1133621.576000  771552.382100   5 
1149609.310000  747570.781400   5 
1169593.977000  743573.847900   5 
1169593.977000  769553.915400   5 
1129624.643000  757563.115000   5 
1155604.710000  791537.049300   5 
1206029.010000  1173977.167000   2 
1222016.744000  1114023.165000   2 
1025701.781000  1022358.852000   1 
1071666.515000  1024357.319000   1 
1083657.316000  998377.252200   1 
1077661.915000  1036348.120000   1 
1051681.848000  1014364.986000   1 
1055678.781000  986386.451900   1 
1045686.448000  1038346.586000   1 
1109637.383000  994380.318800   1 
1089652.716000  1034349.653000   1 
1071666.515000  970398.718100   1 
1041689.514000  974395.651500   1 
1013710.980000  1008369.585000   1 
1123626.650000  1020360.386000   1 
1103641.983000  962404.851200   1 
1025701.781000  964403.317900   1 
1067669.582000  942420.183900   1 
1087654.249000  1002374.185000   1 
1097646.583000  1024357.319000   1 
1077661.915000  964403.317900   1 
1097646.583000  974395.651500   1 
1067669.582000  1010368.052000   1 
1041689.514000  946417.117400   1 
1063672.648000  1014364.986000   1 
1003718.647000  1030352.719000   1 
1043687.981000  1050337.387000   1 
1075663.449000  1054334.320000   1 
1013710.980000  1052335.853000   1 
995724.780100  1014364.986000   1 
1147608.251000  1008369.585000   1 
1129622.050000  982389.518400   1 
1137615.917000  962404.851200   1 
1163595.984000  1002374.185000   1 
1181582.185000  986386.451900   1 
1143611.317000  982389.518400   1 
1171589.851000  982389.518400   1 
1153603.651000  964403.317900   1 
1181582.185000  948415.584100   1 
1115632.783000  1042343.520000   1 
1145609.784000  1032351.186000   1 
1177585.252000  1048338.920000   1 
1197569.919000  1042343.520000   1 
1155602.118000  1044341.986000   1 
1187577.585000  1032351.186000   1 
1187577.585000  1006371.119000   1 
1193572.985000  964403.317900   1 
1215556.119000  1006371.119000   1 
1215556.119000  1028354.253000   1 
1231543.853000  974395.651500   1 
1219553.053000  964403.317900   1 
1213557.653000  950414.050800   1 
1229545.386000  1012366.519000   1 
866957.551100  1054862.041000   6 
858963.684200  1038874.307000   6 
886942.218400  1068851.308000   6 
872952.951300  1046868.174000   6 
1249460.165000  904486.659700   4 
1247461.699000  890497.392600   4 
1275440.233000  892495.859300   4 
1259452.499000  878506.592300   4 
1227477.031000  890497.392600   4 
1105640.449000  922435.516700   1 
1123626.650000  918438.583200   1 
1155602.118000  918438.583200   1 
1081658.849000  916440.116500   1 
1075663.449000  894456.982500   1 
1107638.916000  900452.382700   1 
1145609.784000  898453.916000   1 
1145609.784000  924433.983400   1 
1119629.717000  888461.582400   1 
1183580.652000  960406.384400   1 
1099645.049000  886463.115700   1 
1073664.982000  878469.248800   1 
1095648.116000  870475.381900   1 
1059675.715000  930429.383600   1 
1159599.051000  944418.650700   1 
1057677.248000  912443.183100   1 
1031697.181000  928430.916900   1 
1011712.513000  940421.717200   1 
1043687.981000  892458.515800   1 
1235540.787000  1048338.920000   1 
1233542.320000  1012366.519000   1 
1225548.453000  982389.518400   1 
1243534.653000  1000375.718000   1 
1169591.385000  1000375.718000   1 
1239537.720000  994380.318800   1 
1253526.987000  1046340.453000   1 
1271513.188000  1022358.852000   1 
1249530.054000  1026355.786000   1 
1265517.787000  998377.252200   1 
1243534.653000  974395.651500   1 
1269514.721000  966401.784600   1 
1259522.387000  978392.585000   1 
1039691.048000  910444.716300   1 
1135617.450000  910444.716300   1 
1057677.248000  880467.715500   1 
1145609.784000  878469.248800   1 
1021704.847000  914441.649800   1 
1025701.781000  890460.049100   1 
1081658.849000  868476.915100   1 
1018189.410000  1164664.549000   8 
1046167.944000  1170659.949000   8 
1026183.277000  1132689.081000   8 
1052163.344000  1144679.882000   8 
988212.409700  1130690.615000   8 
1018189.410000  1110705.947000   8 
886942.218400  1055361.658000   6 
1183081.035000  928930.533500   1 
1103142.366000  962904.467900   1 
1133119.367000  1000875.335000   1 
1107139.300000  1018861.536000   1 
1165094.835000  928930.533500   1 
1089153.099000  988884.535300   1 
1159099.434000  996878.402200   1 
1161097.901000  982889.135100   1 
1177085.635000  968899.868000   1 
1195071.835000  1010867.669000   1 
1209061.102000  998876.868900   1 
1215056.503000  1032850.803000   1 
1197070.302000  1030852.336000   1 
1223050.370000  998876.868900   1 
1077162.299000  916939.733200   1 
1085156.166000  908945.866300   1 
1059176.098000  894956.599200   1 
1081159.232000  942919.800600   1 
1055179.165000  956909.067700   1 
1113134.700000  882965.798900   1 
1121128.567000  982889.135100   1 
1127123.967000  966901.401300   1 
1095148.499000  924933.600100   1 
1111136.233000  932927.467000   1 
1071166.899000  988884.535300   1 
1155102.501000  1030852.336000   1 
1085156.166000  964902.934600   1 
1135117.834000  1012866.136000   1 
1097146.966000  914941.266500   1 
1201067.236000  960906.001100   1 
1183785.808000  954853.901800   1 
1179812.635000  965007.566300   1 
1129485.776000  916446.562400   1 
1141405.295000  907175.825300   1 
1093285.755000  1029902.726000   1 
1079158.918000  1029019.798000   1 
1085780.873000  1031227.117000   1 
1068122.326000  1018866.134000   1 
1267222.442000  1013127.106000   1 
1260600.486000  1034317.362000   1 
1247798.040000  1039614.926000   1 
1259717.559000  1022839.307000   1 
1034129.623000  916888.026100   1 
1039868.651000  904085.579600   1 
1103439.419000  972953.912400   1 
1094610.146000  964566.102600   1 
1099907.710000  968980.739300   1 
1097258.928000  957061.220200   1 
1092402.828000  970746.594000   1 
1089754.046000  959268.538600   1 
1078275.990000  971629.521400   1 
1085780.873000  971188.057700   1 
1125954.067000  975602.694400   1 
1136549.195000  972512.448700   1 
1134783.340000  981341.722100   1 
1132134.558000  970305.130300   1 
1140080.904000  976927.085400   1 
1069005.253000  888192.887500   1 
1052671.097000  892166.060500   1 
1042517.433000  963683.175300   1 
1039427.187000  955295.365500   1 
1031922.305000  959710.002200   1 
1034129.623000  966331.957300   1 
1152883.351000  928807.545200   1 
1158180.915000  937636.818700   1 
1161712.624000  925275.835900   1 
1160388.233000  931014.863600   1 
1233229.739000  1004297.833000   1 
1223076.074000  1006505.151000   1 
1233229.739000  997234.414300   1 
1227932.175000  1006063.687000   1 
1215571.192000  1002973.442000   1 
1086222.336000  882012.396100   1 
1092844.291000  896580.697200   1 
1101673.565000  1006505.151000   1 
1190996.381000  976044.158100   1 
1256333.004000  1031962.889000   1 
1248680.967000  1033728.744000   1 
1231022.421000  1027253.944000   1 
1221015.911000  1027253.944000   1 
1228667.948000  1027253.944000   1 
1224547.620000  1027253.944000   1 
1150234.569000  1036377.526000   1 
1150823.187000  1031962.889000   1 
1154943.514000  1036083.217000   1 
1154354.896000  1041380.781000   1 
1028832.059000  1011333.660000   1 
1023534.495000  1038704.407000   1 
1013380.830000  1020604.397000   1 
1020002.785000  1032965.380000   1 
1021768.640000  1020604.397000   1 
1004110.093000  1021487.324000   1 
1018678.394000  1016189.760000   1 
1028832.059000  1029433.670000   1 
1090195.509000  919067.752900   1 
1226166.320000  969836.075100   1 
1218219.974000  954826.310300   1 
1223076.074000  961889.729000   1 
1268105.369000  1007360.487000   1 
1266780.978000  1019280.006000   1 
1142288.222000  1011333.660000   1 
1157739.451000  1006477.559000   1 
1088871.118000  873596.994800   1 
1080924.772000  876245.776800   1 
1077393.063000  885075.050200   1 
1069005.253000  883750.659200   1 
1061058.907000  885075.050200   1 
1147144.323000  888165.295900   1 
1115358.938000  873155.531100   1 
1095493.073000  996765.359100   1 
1080924.772000  991467.795000   1 
1065032.080000  987053.158300   1 
1063266.225000  937167.763400   1 
1076068.672000  943348.254800   1 
1139639.440000  1008243.414000   1 
1011614.976000  1145538.616000   8 
1261704.145000  1287689.918000   9 
1293489.530000  1271797.226000   9 
1314679.786000  1237363.059000   9 
1341167.606000  1218821.585000   9 
1378250.554000  1202928.893000   9 
1394143.247000  1171143.509000   9 
1410035.939000  1144655.688000   9 
1070046.115000  933663.645600   1 
1068280.261000  924834.372200   1 
1070929.043000  904968.507000   1 
1066514.406000  916446.562400   1 
1162974.218000  758844.031700   5 
1162532.754000  779592.824300   5 
1146640.062000  759726.959100   5 
1162091.291000  769439.159900   5 
1149288.844000  781358.679000   5 
1159442.509000  750456.222000   5 
1170920.564000  760168.422800   5 
1155469.336000  762375.741100   5 
1139135.180000  765024.523100   5 
1143108.353000  752663.540300   5 
1151054.699000  776502.578600   5 
1156793.727000  783124.533700   5 
1142225.426000  774295.260200   5 
1170479.101000  753105.004000   5 
1156352.263000  772529.405600   5 
1147522.990000  788422.097700   5 
1169596.173000  777385.505900   5 
1168271.782000  764583.059500   5 
1029983.287000  1059701.523000   1 
881430.762100  827933.096300   7 
915864.928500  810716.013100   7 
954272.267900  837203.833400   7 
960894.223000  805418.449100   7 
954272.267900  878259.954900   7 
1005482.053000  920640.467300   1 
1001508.880000  957723.415700   1 
1001508.880000  937857.550500   1 
993562.534700  944479.505600   1 
1001508.880000  994806.364100   1 
1156462.629000  1051092.982000   1 
1133727.250000  950659.997000   1 
1121366.267000  941830.723500   1 
1146088.233000  948894.142300   1 
1138435.399000  817970.686700   10 
1149301.107000  821075.174800   10 
1145420.497000  831940.882900   10 
1135330.911000  829612.516900   10 
1131450.301000  842030.469100   10 
1144644.375000  845911.079200   10 
1138435.399000  858329.031400   10 
1129898.057000  856776.787400   10 
1138435.399000  840478.225100   10 
1142316.009000  828836.394900   10 
1145808.558000  819134.869700   10 
1141539.887000  824567.723800   10 
1132614.484000  823403.540800   10 
1140763.765000  834657.310000   10 
1134942.850000  835433.432000   10 
1135718.972000  845911.079200   10 
1143092.131000  842418.530100   10 
1148524.985000  834657.310000   10 
1147748.863000  822627.418800   10 
1145808.558000  839702.103100   10 
1130286.118000  849015.567300   10 
1134942.850000  852508.116300   10 
1143868.253000  854836.482400   10 
1140763.765000  848627.506200   10 
1144256.314000  849015.567300   10 
1135718.972000  840866.286100   10 
1141927.948000  837761.798100   10 
1139987.643000  830388.638900   10 
1142704.070000  818358.747700   10 
1138823.460000  823403.540800   10 
1147360.802000  827672.211900   10 
1133390.606000  897135.132100   1 
1016972.304000  981732.431600   1 
1034823.110000  994926.505900   1 
1047241.062000  991045.895800   1 
1047241.062000  1010448.946000   1 
1041808.208000  1026747.508000   1 
1134166.728000  1031404.240000   1 
1136495.094000  932836.744800   1 
1103121.847000  940597.964900   1 
1199360.977000  946806.941000   1 
1172972.829000  1021314.654000   1 
1304137.449000  1254151.258000   9 
1360794.356000  1209136.181000   9 
1387958.627000  1187404.765000   9 
1197808.733000  1139285.200000   2 
1278525.423000  1163344.982000   2 
822941.800900  800896.002400   7 
1139987.643000  853478.268800   10 
1136495.094000  854836.482400   10 
1022987.249000  949329.337600   1 
1005524.504000  974553.303000   1 
